100 100 20
1 20
1 17
1 14
1 2
1 17
1 2
1 13
1 7
1 10
1 20
1 20
1 3
1 20
1 14
1 17
1 17
1 2
1 2
1 15
1 15
1 20
1 2
1 3
1 10
1 8
1 13
1 8
1 2
1 10
1 20
1 8
1 14
1 20
1 20
1 2
1 20
1 2
1 13
1 7
1 20
1 14
1 13
1 15
1 5
1 10
1 5
1 13
1 20
1 17
1 15
1 20
1 14
1 3
1 8
1 19
1 2
1 13
1 17
1 14
1 13
1 3
1 17
1 19
1 19
1 5
1 17
1 14
1 2
1 7
1 17
1 14
1 10
1 20
1 14
1 2
1 14
1 2
1 7
1 19
1 13
1 14
1 13
1 5
1 14
1 15
1 17
1 3
1 20
1 19
1 2
1 2
1 14
1 20
1 2
1 14
1 8
1 14
1 13
1 5
1 7
3 17
14 2
15 2
15 7
2 5
4 2
12 6
9 9
19 13
4 15
2 1
1 3
7 12
6 15
5 19
1 10
8 16
9 1
8 18
12 5
11 1
12 2
9 7
5 20
19 3
15 15
18 11
2 17
3 6
2 3
14 15
16 19
8 1
19 2
12 19
17 12
12 12
13 12
10 1
12 7
15 13
17 14
5 16
17 14
5 8
6 19
8 13
6 1
14 6
10 13
13 2
3 6
12 13
3 4
5 16
6 20
16 14
19 16
5 3
12 13
11 15
16 5
18 3
10 4
13 18
3 5
10 7
2 8
17 7
11 18
16 20
7 14
11 12
19 6
15 8
17 9
14 2
6 2
19 1
5 3
16 10
6 19
6 19
18 7
6 13
4 18
11 20
12 1
10 11
10 3
2 6
6 3
18 19
9 10
7 3
12 10
5 7
13 12
11 20
15 12
